normMean = [0.54450335 0.50638595 0.4605934 ]
normStd = [0.20769191 0.21293197 0.22038686]
